-5.006719
-4.511049
-4.018148
-3.52975
-3.048588
-2.57889
-2.126928
-1.701413
-1.313262
-0.974077
-5.006719
-4.511049
-4.018148
-3.52975
-3.048588
-2.57889
-2.126928
-1.701413
-1.313262
-0.974077
-5.006719
-4.511049
-4.018148
-3.52975
-3.048588
-2.57889
-2.126928
-1.701413
-1.313262
-0.974077
-5.006719
-4.511049
-4.018148
-3.52975
-3.048588
-2.57889
-2.126928
-1.701413
-1.313262
-0.974077
-5.006719
-4.511049
-4.018148
-3.52975
-3.048588
-2.57889
-2.126928
-1.701413
-1.313262
-0.974077
-5.006719
-4.511049
-4.018148
-3.52975
-3.048588
-2.57889
-2.126928
-1.701413
-1.313262
-0.974077
-5.006719
-4.511049
-4.018148
-3.52975
-3.048588
-2.57889
-2.126928
-1.701413
-1.313262
-0.974077
-5.006719
-4.511049
-4.018148
-3.52975
-3.048588
-2.57889
-2.126928
-1.701413
-1.313262
-0.974077
-5.006719
-4.511049
-4.018148
-3.52975
-3.048588
-2.57889
-2.126928
-1.701413
-1.313262
-0.974077
-5.006719
-4.511049
-4.018148
-3.52975
-3.048588
-2.57889
-2.126928
-1.701413
-1.313262
-0.974077
-5.006719
-4.511049
-4.018148
-3.52975
-3.048588
-2.57889
-2.126928
-1.701413
-1.313262
-0.974077
-5.006719
-4.511049
-4.018148
-3.52975
-3.048588
-2.57889
-2.126928
-1.701413
-1.313262
-0.974077
-5.006719
-4.511049
-4.018148
-3.52975
-3.048588
-2.57889
-2.126928
-1.701413
-1.313262
-0.974077
-5.006719
-4.511049
-4.018148
-3.52975
-3.048588
-2.57889
-2.126928
-1.701413
-1.313262
-0.974077
-5.006719
-4.511049
-4.018148
-3.52975
-3.048588
-2.57889
-2.126928
-1.701413
-1.313262
-0.974077
-5.006719
-4.511049
-4.018148
-3.52975
-3.048588
-2.57889
-2.126928
-1.701413
-1.313262
-0.974077
-5.006719
-4.511049
-4.018148
-3.52975
-3.048588
-2.57889
-2.126928
-1.701413
-1.313262
-0.974077
-5.006719
-4.511049
-4.018148
-3.52975
-3.048588
-2.57889
-2.126928
-1.701413
-1.313262
-0.974077
-5.006719
-4.511049
-4.018148
-3.52975
-3.048588
-2.57889
-2.126928
-1.701413
-1.313262
-0.974077
-5.006719
-4.511049
-4.018148
-3.52975
-3.048588
-2.57889
-2.126928
-1.701413
-1.313262
-0.974077
-5.006719
-4.511049
-4.018148
-3.52975
-3.048588
-2.57889
-2.126928
-1.701413
-1.313262
-0.974077
-5.006719
-4.511049
-4.018148
-3.52975
-3.048588
-2.57889
-2.126928
-1.701413
-1.313262
-0.974077
-5.006719
-4.511049
-4.018148
-3.52975
-3.048588
-2.57889
-2.126928
-1.701413
-1.313262
-0.974077
-5.006719
-4.511049
-4.018148
-3.52975
-3.048588
-2.57889
-2.126928
-1.701413
-1.313262
-0.974077
-5.006719
-4.511049
-4.018148
-3.52975
-3.048588
-2.57889
-2.126928
-1.701413
-1.313262
-0.974077
-5.006719
-4.511049
-4.018148
-3.52975
-3.048588
-2.57889
-2.126928
-1.701413
-1.313262
-0.974077
-5.006719
-4.511049
-4.018148
-3.52975
-3.048588
-2.57889
-2.126928
-1.701413
-1.313262
-0.974077
-5.006719
-4.511049
-4.018148
-3.52975
-3.048588
-2.57889
-2.126928
-1.701413
-1.313262
-0.974077
-5.006719
-4.511049
-4.018148
-3.52975
-3.048588
-2.57889
-2.126928
-1.701413
-1.313262
-0.974077
-5.006719
-4.511049
-4.018148
-3.52975
-3.048588
-2.57889
-2.126928
-1.701413
-1.313262
-0.974077
-5.006719
-4.511049
-4.018148
-3.52975
-3.048588
-2.57889
-2.126928
-1.701413
-1.313262
-0.974077
-5.006719
-4.511049
-4.018148
-3.52975
-3.048588
-2.57889
-2.126928
-1.701413
-1.313262
-0.974077
-5.006719
-4.511049
-4.018148
-3.52975
-3.048588
-2.57889
-2.126928
-1.701413
-1.313262
-0.974077
-5.006719
-4.511049
-4.018148
-3.52975
-3.048588
-2.57889
-2.126928
-1.701413
-1.313262
-0.974077
-5.006719
-4.511049
-4.018148
-3.52975
-3.048588
-2.57889
-2.126928
-1.701413
-1.313262
-0.974077
-5.006719
-4.511049
-4.018148
-3.52975
-3.048588
-2.57889
-2.126928
-1.701413
-1.313262
-0.974077
-5.006719
-4.511049
-4.018148
-3.52975
-3.048588
-2.57889
-2.126928
-1.701413
-1.313262
-0.974077
-5.006719
-4.511049
-4.018148
-3.52975
-3.048588
-2.57889
-2.126928
-1.701413
-1.313262
-0.974077
-5.006719
-4.511049
-4.018148
-3.52975
-3.048588
-2.57889
-2.126928
-1.701413
-1.313262
-0.974077
-5.006719
-4.511049
-4.018148
-3.52975
-3.048588
-2.57889
-2.126928
-1.701413
-1.313262
-0.974077
-5.006719
-4.511049
-4.018148
-3.52975
-3.048588
-2.57889
-2.126928
-1.701413
-1.313262
-0.974077
-5.699866
-4.985126
-4.33141
-3.731163
-3.175516
-2.65778
-2.175515
-1.731164
-1.331412
-0.9851248
-5.826794
-5.18654
-4.644671
-4.20524
-3.868663
-3.631857
-3.488777
-3.432577
-3.45834
-3.564015
-5.844944
-5.21629
-4.693259
-4.28413
-3.995591
-3.83327
-3.802039
-3.906654
-4.151487
-4.538092
-5.874694
-5.264877
-4.772149
-4.411057
-4.197004
-4.146532
-4.276116
-4.599801
-5.125564
-5.851353
-5.904445
-5.313465
-4.851038
-4.537985
-4.398417
-4.459793
-4.750193
-5.292948
-6.099641
-7.164615
-5.953032
-5.392354
-4.977966
-4.739398
-4.711679
-4.93387
-5.44334
-6.267025
-7.412902
-8.866028
-6.001619
-5.471244
-5.104894
-4.940812
-5.02494
-5.407947
-6.136487
-7.241102
-8.726164
-10.56744
-8.580509
-7.598172
-6.806308
-6.254073
-5.999018
-6.101094
-6.610564
-7.554364
-8.927577
-10.69437
-11.6291
-10.17706
-8.933236
-7.955486
-7.31228
-7.075171
-7.303711
-8.02844
-9.240839
-10.89578
-15.15885
-13.22565
-11.51213
-10.08241
-9.013693
-8.388433
-8.277788
-8.721588
-9.714916
-11.20904
-18.6886
-16.27424
-14.09102
-12.20934
-10.71511
-9.701694
-9.251865
-9.414736
-10.18899
-11.52231
-5.006719
-4.511049
-4.018148
-3.52975
-3.048588
-2.57889
-2.126928
-1.701413
-1.313262
-0.974077
-5.699866
-4.985126
-4.33141
-3.731163
-3.175516
-2.65778
-2.175515
-1.731164
-1.331412
-0.9851248
-5.826794
-5.18654
-4.644671
-4.20524
-3.868663
-3.631857
-3.488777
-3.432577
-3.45834
-3.564015
-5.844944
-5.21629
-4.693259
-4.28413
-3.995591
-3.83327
-3.802039
-3.906654
-4.151487
-4.538092
-5.006719
-4.511049
-4.018148
-3.52975
-3.048588
-2.57889
-2.126928
-1.701413
-1.313262
-0.974077
-5.699866
-4.985126
-4.33141
-3.731163
-3.175516
-2.65778
-2.175515
-1.731164
-1.331412
-0.9851248
-5.826794
-5.18654
-4.644671
-4.20524
-3.868663
-3.631857
-3.488777
-3.432577
-3.45834
-3.564015
-5.844944
-5.21629
-4.693259
-4.28413
-3.995591
-3.83327
-3.802039
-3.906654
-4.151487
-4.538092
-5.874694
-5.264877
-4.772149
-4.411057
-4.197004
-4.146532
-4.276116
-4.599801
-5.125564
-5.851353
-5.904445
-5.313465
-4.851038
-4.537985
-4.398417
-4.459793
-4.750193
-5.292948
-6.099641
-7.164615
-5.953032
-5.392354
-4.977966
-4.739398
-4.711679
-4.93387
-5.44334
-6.267025
-7.412902
-8.866028
-6.001619
-5.471244
-5.104894
-4.940812
-5.02494
-5.407947
-6.136487
-7.241102
-8.726164
-10.56744
-6.080509
-5.598172
-5.306307
-5.254073
-5.499017
-6.101094
-7.110564
-8.554364
-10.42758
-12.69437
-6.159399
-5.7251
-5.50772
-5.567335
-5.973094
-6.794241
-8.084641
-9.867626
-12.12899
-14.8213
-6.238289
-5.852028
-5.709134
-5.880596
-6.447171
-7.487388
-9.058719
-11.18089
-13.8304
-16.94823
-8.817179
-7.978956
-7.410547
-7.193858
-7.421248
-8.180535
-9.532796
-11.49415
-14.03182
-17.07515
-11.39607
-10.10588
-9.11196
-8.50712
-8.395325
-8.873682
-10.00687
-11.80741
-14.23323
-17.20208
-14.44466
-12.68477
-11.23889
-10.20853
-9.708587
-9.847759
-10.70002
-12.28149
-14.54649
-17.4035
-17.49324
-15.26366
-13.36582
-11.90995
-11.02185
-10.82184
-11.39317
-12.75557
-14.85975
-17.60491
-17.52299
-15.31225
-13.44471
-12.03687
-11.22326
-11.1351
-11.86724
-13.44871
-15.83383
-18.91817
-17.55275
-15.36084
-13.5236
-12.1638
-11.42467
-11.44836
-12.34132
-14.14186
-16.80791
-20.23143
-17.60133
-15.43973
-13.65053
-12.36522
-11.73794
-11.92244
-13.03447
-15.11594
-18.12117
-21.93285
-17.64992
-15.51862
-13.77745
-12.56663
-12.0512
-12.39651
-13.72762
-16.09002
-19.43443
-23.63426
-17.69851
-15.59751
-13.90438
-12.76804
-12.36446
-12.87059
-14.42076
-17.06409
-20.74769
-25.33567
-17.7471
-15.6764
-14.03131
-12.96946
-12.67772
-13.34467
-15.11391
-18.03817
-22.06095
-27.03709
-20.79568
-18.25529
-16.15824
-14.67087
-13.99098
-14.31875
-15.80706
-18.51225
-22.37421
-27.2385
-23.84427
-20.83418
-18.28517
-16.37228
-15.30425
-15.29282
-16.50021
-18.98632
-22.68747
-27.43992
-27.37402
-23.88277
-20.86406
-18.49921
-17.00566
-16.60608
-17.47429
-19.67947
-23.16155
-27.75318
-30.90377
-26.93135
-23.44295
-20.62614
-18.70708
-17.91935
-18.44836
-20.37262
-23.63563
-28.06644
-5.006719
-4.511049
-4.018148
-3.52975
-3.048588
-2.57889
-2.126928
-1.701413
-1.313262
-0.974077
-5.699866
-4.985126
-4.33141
-3.731163
-3.175516
-2.65778
-2.175515
-1.731164
-1.331412
-0.9851248
-5.826794
-5.18654
-4.644671
-4.20524
-3.868663
-3.631857
-3.488777
-3.432577
-3.45834
-3.564015
-5.844944
-5.21629
-4.693259
-4.28413
-3.995591
-3.83327
-3.802039
-3.906654
-4.151487
-4.538092
-5.874694
-5.264877
-4.772149
-4.411057
-4.197004
-4.146532
-4.276116
-4.599801
-5.125564
-5.851353
-5.904445
-5.313465
-4.851038
-4.537985
-4.398417
-4.459793
-4.750193
-5.292948
-6.099641
-7.164615
-5.953032
-5.392354
-4.977966
-4.739398
-4.711679
-4.93387
-5.44334
-6.267025
-7.412902
-8.866028
-6.001619
-5.471244
-5.104894
-4.940812
-5.02494
-5.407947
-6.136487
-7.241102
-8.726164
-10.56744
-8.580509
-7.598172
-6.806308
-6.254073
-5.999018
-6.101094
-6.610564
-7.554364
-8.927577
-10.69437
-11.6291
-10.17706
-8.933236
-7.955486
-7.31228
-7.075171
-7.303711
-8.02844
-9.240839
-10.89578
-15.15885
-13.22565
-11.51213
-10.08241
-9.013693
-8.388433
-8.277788
-8.721588
-9.714916
-11.20904
-18.6886
-16.27424
-14.09102
-12.20934
-10.71511
-9.701694
-9.251865
-9.414736
-10.18899
-11.52231
-22.21835
-19.32282
-16.66991
-14.33627
-12.41652
-11.01496
-10.22594
-10.10788
-10.66307
-11.83557
-26.23649
-22.85257
-19.71849
-16.91516
-14.54345
-12.71637
-11.5392
-11.08196
-11.35622
-12.30965
-30.25464
-26.38232
-22.76708
-19.49405
-16.67038
-14.41778
-12.85247
-12.05604
-12.04937
-12.78372
-34.27279
-29.91207
-25.81567
-22.07294
-18.7973
-16.1192
-14.16573
-13.03012
-12.74251
-13.2578
-38.29094
-33.44182
-28.86426
-24.65183
-20.92423
-17.82061
-15.47899
-14.00419
-13.43566
-13.73188
-42.30909
-36.97157
-31.91285
-27.23072
-23.05116
-19.52202
-16.79225
-14.97827
-14.12881
-14.20595
-46.32724
-40.50132
-34.96143
-29.80961
-25.17809
-21.22344
-18.10551
-15.95235
-14.82196
-14.68003
-48.45417
-42.20274
-36.2747
-30.78369
-25.87124
-21.69752
-18.41877
-16.15376
-14.94888
-14.75892
-50.58109
-43.90415
-37.58796
-31.75776
-26.56438
-22.17159
-18.73203
-16.35518
-15.07581
-14.83781
-50.70802
-44.10556
-37.90122
-32.23184
-27.25753
-23.14567
-20.0453
-18.05659
-17.20274
-17.4167
-50.72617
-44.13531
-37.94981
-32.31073
-27.38446
-23.34708
-20.35856
-18.53067
-17.89589
-18.39078
-50.74432
-44.16506
-37.9984
-32.38962
-27.51139
-23.5485
-20.67182
-19.00474
-18.58904
-19.36486
-50.76247
-44.19481
-38.04699
-32.46851
-27.63832
-23.74991
-20.98508
-19.47882
-19.28218
-20.33893
-50.78062
-44.22456
-38.09557
-32.54739
-27.76525
-23.95133
-21.29834
-19.9529
-19.97533
-21.31301
-50.79877
-44.25431
-38.14416
-32.62628
-27.89217
-24.15274
-21.6116
-20.42698
-20.66848
-22.28709
-50.81692
-44.28407
-38.19275
-32.70517
-28.0191
-24.35415
-21.92486
-20.90105
-21.36163
-23.26117
-5.006719
-4.511049
-4.018148
-3.52975
-3.048588
-2.57889
-2.126928
-1.701413
-1.313262
-0.974077
-5.699866
-4.985126
-4.33141
-3.731163
-3.175516
-2.65778
-2.175515
-1.731164
-1.331412
-0.9851248
-5.826794
-5.18654
-4.644671
-4.20524
-3.868663
-3.631857
-3.488777
-3.432577
-3.45834
-3.564015
-5.844944
-5.21629
-4.693259
-4.28413
-3.995591
-3.83327
-3.802039
-3.906654
-4.151487
-4.538092
-5.874694
-5.264877
-4.772149
-4.411057
-4.197004
-4.146532
-4.276116
-4.599801
-5.125564
-5.851353
-5.904445
-5.313465
-4.851038
-4.537985
-4.398417
-4.459793
-4.750193
-5.292948
-6.099641
-7.164615
-5.953032
-5.392354
-4.977966
-4.739398
-4.711679
-4.93387
-5.44334
-6.267025
-7.412902
-8.866028
-6.001619
-5.471244
-5.104894
-4.940812
-5.02494
-5.407947
-6.136487
-7.241102
-8.726164
-10.56744
